1.000765919685363770e+00
3.724258422851562500e+01
1.002949237823486328e+00
1.005102276802062988e+00
1.003923892974853516e+00
1.000250101089477539e+00
9.985402226448059082e-01
9.708040618896484375e+01
1.006001353263854980e+00
1.004150271415710449e+00
1.013922095298767090e+00
1.000891685485839844e+00
1.004377841949462891e+00
1.002410650253295898e+00
9.987846016883850098e-01
1.003454685211181641e+00
1.016496539115905762e+00
1.006335258483886719e+00
1.006700754165649414e+00
1.008611440658569336e+00
1.006897926330566406e+00
1.010064363479614258e+00
1.005653142929077148e+00
1.004379272460937500e+00
1.003258109092712402e+00
1.005294561386108398e+00
1.003337502479553223e+00
1.019090056419372559e+00
1.018428683280944824e+00
1.023424386978149414e+00
1.004134774208068848e+00
1.003643989562988281e+00
9.991462230682373047e-01
1.007274031639099121e+00
1.004187226295471191e+00
9.963092803955078125e-01
1.008262157440185547e+00
1.004605889320373535e+00
1.004456162452697754e+00
1.009167671203613281e+00
1.002298831939697266e+00
1.006734251976013184e+00
1.001207470893859863e+00
4.317005157470703125e+01
1.002231955528259277e+00
1.073003053665161133e+00
1.006141185760498047e+00
1.001992344856262207e+00
1.008697152137756348e+00
1.001857399940490723e+00
1.000862479209899902e+00
1.003388524055480957e+00
9.998772144317626953e-01
1.007216215133666992e+00
2.322677803039550781e+01
1.002295255661010742e+00
1.012641310691833496e+00
1.001393318176269531e+00
1.010452628135681152e+00
1.009123682975769043e+00
1.533739929199218750e+02
1.007660150527954102e+00
9.959131479263305664e-01
1.001638293266296387e+00
1.007045984268188477e+00
1.003597021102905273e+00
1.011340141296386719e+00
1.000577926635742188e+00
1.017231106758117676e+00
2.172281646728515625e+01
1.008882641792297363e+00
1.000367045402526855e+00
1.005178928375244141e+00
9.987152814865112305e-01
1.007883071899414062e+00
1.004307508468627930e+00
1.005854368209838867e+00
1.002751708030700684e+00
1.007712960243225098e+00
9.998139739036560059e-01
1.005743861198425293e+00
1.005501389503479004e+00
6.366928482055664062e+01
1.007054448127746582e+00
1.001769423484802246e+00
9.993696808815002441e-01
1.011142134666442871e+00
1.004695415496826172e+00
1.291004991799127311e-05
9.994519352912902832e-01
9.999752640724182129e-01
1.005306363105773926e+00
1.000710248947143555e+00
1.012108087539672852e+00
1.006747961044311523e+00
1.007435560226440430e+00
1.007222294807434082e+00
1.003383755683898926e+00
1.007323503494262695e+00
9.996338486671447754e-01
1.004460811614990234e+00
