1.000836133956909180e+00
1.000567197799682617e+00
9.999707341194152832e-01
1.002129554748535156e+00
1.000327229499816895e+00
1.000161528587341309e+00
9.996083974838256836e-01
1.000097632408142090e+00
1.000605463981628418e+00
1.000053524971008301e+00
1.000623583793640137e+00
9.984229803085327148e-01
1.000380873680114746e+00
1.000612616539001465e+00
9.999304413795471191e-01
1.000571012496948242e+00
1.000917434692382812e+00
1.000854492187500000e+00
9.993755221366882324e-01
9.997697472572326660e-01
1.001266241073608398e+00
1.000217199325561523e+00
1.000367760658264160e+00
1.000166893005371094e+00
9.995486140251159668e-01
1.000764608383178711e+00
1.000715851783752441e+00
1.001004099845886230e+00
1.000581145286560059e+00
1.000637888908386230e+00
1.001249194145202637e+00
9.990947842597961426e-01
1.001311063766479492e+00
1.001474857330322266e+00
1.001425027847290039e+00
1.001712083816528320e+00
9.996894598007202148e-01
1.000556468963623047e+00
1.000200152397155762e+00
9.982708096504211426e-01
9.996521472930908203e-01
1.000181674957275391e+00
1.001282453536987305e+00
1.000557661056518555e+00
1.000815510749816895e+00
1.002149701118469238e+00
1.001414299011230469e+00
9.998211264610290527e-01
1.001432418823242188e+00
1.001050472259521484e+00
1.001058459281921387e+00
1.001173257827758789e+00
1.001071810722351074e+00
1.000472903251647949e+00
1.001278638839721680e+00
1.000100493431091309e+00
9.998123049736022949e-01
1.000286817550659180e+00
9.993330836296081543e-01
1.000372171401977539e+00
1.001119375228881836e+00
9.995821118354797363e-01
1.000250697135925293e+00
6.880978941917419434e-01
1.000140666961669922e+00
1.000780344009399414e+00
1.001341938972473145e+00
1.001721262931823730e+00
1.000264883041381836e+00
1.001262664794921875e+00
5.558348894119262695e-01
9.998278021812438965e-01
1.000220775604248047e+00
9.999454617500305176e-01
1.001010775566101074e+00
1.000322937965393066e+00
1.003671050071716309e+00
1.000760078430175781e+00
1.002357840538024902e+00
9.996768236160278320e-01
1.000854730606079102e+00
1.000276565551757812e+00
1.000027179718017578e+00
1.001342892646789551e+00
9.995515942573547363e-01
9.987794160842895508e-01
9.996940493583679199e-01
1.000578999519348145e+00
1.001911878585815430e+00
1.002122879028320312e+00
1.001327991485595703e+00
1.000447988510131836e+00
1.000278353691101074e+00
1.000536203384399414e+00
1.000952601432800293e+00
9.988992810249328613e-01
9.999997019767761230e-01
1.000488162040710449e+00
9.999859929084777832e-01
1.000787854194641113e+00
1.002079129219055176e+00
